"10"	"11"	"12"	"13"	"14"	"15"	"16"	"17"	"18"	"19"	"1"	"20"	"21"	"22"	"23"	"24"	"25"	"26"	"27"	"28"	"29"	"2"	"30"	"31"	"32"	"33"	"34"	"35"	"37"	"38"	"39"	"3"	"41"	"42"	"43"	"44"	"46"	"47"	"48"	"49"	"4"	"50"	"51"	"52"	"53"	"54"	"55"	"56"	"57"	"58"	"59"	"5"	"60"	"62"	"64"	"66"	"68"	"6"	"70"	"72"	"74"	"75"	"77"	"79"	"7"	"80"	"82"	"84"	"85"	"87"	"88"	"89"	"8"	"90"	"91"	"92"	"93"	"94"	"95"	"96"	"9"
"ASV_16S_1"	10897	59116	23163	37479	3981	6508	6700	2891	9295	21924	39934	6055	7704	15104	5897	8030	3144	4362	2709	6672	10125	16369	2896	2612	3135	2681	14140	16502	9609	7704	25515	46467	23976	10088	8813	30371	18090	11668	48413	50285	17799	12188	44145	58462	80005	40412	35675	37200	53707	42431	24521	33241	39791	32226	81578	72485	59271	49993	71187	52196	6603	21296	36368	5161	29570	20133	63453	14341	13421	12789	3410	1469	5914	6152	1495	6955	5468	6218	6122	5206	73899
"ASV_16S_2"	78	8084	580	116	11775	30088	23936	41558	23246	35115	6734	19261	7994	25528	27873	33410	25483	36349	14678	19707	29633	563	18158	32840	26891	32359	9552	4469	10363	9170	2838	2805	1980	7116	6196	6038	4934	6020	1164	931	335	385	559	2578	758	1559	180	4721	5436	3849	1630	67	1088	170	1267	182	1634	6352	427	5679	4670	3832	17771	8058	764	7683	5816	6381	19297	3006	5075	575	35	10653	6799	12108	10566	19070	15954	7603	2400
"ASV_16S_3"	72990	5642	15089	13327	51866	38739	46773	42648	34421	37606	8052	42165	29704	38612	37389	36102	25536	40208	41079	18985	32655	26722	19437	32610	29384	28662	38227	25416	29856	23589	37474	7841	30590	25483	18650	19879	10955	12912	22465	21004	20272	4477	16394	8430	3879	6961	2231	7800	8388	6068	4231	66780	11462	8837	8116	8694	5094	24110	1910	36842	47059	50213	16556	44446	29118	48854	15901	34328	57072	64683	46990	11080	50940	52311	44806	56965	59833	75770	61390	52413	7661
"ASV_16S_9"	264	1087	1426	3148	750	501	1150	3825	1000	2571	952	928	1319	2106	1076	3730	2563	4214	2242	2566	3071	1496	2943	4677	3119	5498	8919	5129	1350	1563	2766	971	2089	765	747	6856	1732	1508	9522	3214	934	672	2549	4608	921	1079	424	5442	2741	1750	1152	334	2190	211	439	147	3273	4236	977	1038	319	745	4032	332	2001	669	934	372	687	254	104	15	122	198	158	181	132	283	313	123	1397
"ASV_16S_10"	1824	13815	12467	12120	3658	1085	2571	3311	6802	4507	9371	4748	3289	7325	1406	7747	4148	5775	5293	1450	5634	11874	4851	5629	3011	5605	11987	11518	18765	25056	7094	10873	5245	20849	18542	12832	18715	38660	20472	20820	28747	7002	27015	10311	6866	29758	7423	15717	17782	15598	34522	2151	14056	2789	6084	3997	11056	14746	4479	11578	13944	12169	12538	26606	14151	20199	12012	12372	7960	5662	2549	338	383	8365	3810	4768	4467	3449	3820	1411	7222
"ASV_16S_21"	1580	2390	4388	6661	481	183	753	150	729	823	2284	748	1728	1345	254	1181	402	723	1681	361	932	5807	464	554	360	688	1961	2589	2017	2578	2005	2656	1492	3256	3337	2342	2425	5692	3595	5540	9542	1175	6201	1909	1972	4717	1517	1603	3019	2491	5050	1277	4437	511	2012	1612	1638	3506	871	4363	2684	6232	1975	3300	5829	3987	3364	2593	2963	1097	551	52	601	718	338	497	444	681	1859	347	2664
"ASV_16S_27"	4324	1497	1186	227	10697	8395	5172	8950	6580	4188	1359	12266	1834	6857	4164	7549	12959	12045	8862	3097	5636	1093	9848	8612	3945	8193	8792	3419	5134	5430	2714	678	1882	6366	5957	2670	3148	8173	1724	1065	804	255	872	643	126	2101	137	906	778	663	906	76	293	73	270	80	303	4308	193	2009	16716	7501	1632	30664	2103	8136	1028	5487	12739	9728	5143	635	46	10658	13963	13603	10132	8363	9924	3546	1283
"ASV_16S_74"	1162	710	3485	3875	682	245	354	324	608	508	741	1441	1281	1274	123	552	215	661	1182	114	397	4349	306	430	327	955	2372	2562	688	362	1935	779	1465	772	777	872	413	835	2513	4412	3596	469	2779	983	705	776	386	611	960	786	822	1122	1502	705	1438	974	700	1903	365	3193	2119	6444	976	1394	2593	4288	1794	2554	2626	2471	1099	275	221	814	704	1000	1069	2006	1749	1453	1083
"ASV_16S_108"	51	224	599	337	137	32	56	284	200	138	330	162	153	297	64	236	549	302	150	73	245	351	563	262	119	135	1270	753	2127	1920	327	179	254	1170	896	482	604	1201	1106	585	1678	201	1042	833	232	1385	249	499	493	462	771	91	337	48	165	74	183	416	97	491	342	193	373	913	459	584	342	407	206	83	57	7	2	305	144	226	139	91	89	26	179
"ASV_16S_122"	52	88	213	256	0	8	13	0	34	44	85	27	37	72	6	36	0	21	20	3	40	171	4	36	0	29	95	29	129	314	79	109	35	226	214	64	167	955	434	496	666	82	469	100	82	596	145	68	178	257	822	15	205	23	98	81	70	142	65	139	246	99	140	553	197	131	183	86	37	10	0	0	7	22	11	6	26	24	31	0	74
"ASV_16S_187"	8	63	120	126	10	9	25	53	52	23	34	30	24	34	15	99	47	66	18	13	56	121	38	58	38	38	171	67	140	187	57	53	34	125	209	73	94	302	176	138	222	59	242	129	33	363	63	63	63	57	234	26	98	18	24	14	31	104	14	53	118	62	60	136	153	65	74	25	27	29	2	0	5	23	47	61	10	10	10	4	44
"ASV_16S_199"	13	16	56	44	19	39	22	60	63	54	19	0	107	55	11	103	93	250	60	0	126	95	168	226	41	102	729	494	815	661	305	19	207	672	583	335	450	852	281	139	334	26	215	128	9	530	63	37	13	32	195	25	85	0	15	7	27	195	19	119	64	31	69	227	134	196	94	89	53	23	0	0	5	59	68	63	68	29	17	24	27
"ASV_16S_296"	7	19	20	21	612	44	114	38	16	65	10	47	0	414	6	46	34	47	283	7	38	12	3	58	28	112	23	0	0	0	0	0	18	7	0	8	6	2	10	3	8	2	0	0	0	0	0	0	0	0	2	0	0	0	5	0	0	28	0	51	546	120	0	54	18	31	56	0	67	2131	356	153	0	83	38	236	155	339	47	273	0
"ASV_16S_319"	4	22	43	87	0	9	0	0	6	7	16	0	5	5	0	12	0	10	4	0	13	38	8	5	0	8	45	30	29	58	18	39	14	34	26	26	19	24	105	59	92	8	95	57	22	80	11	32	30	19	48	16	65	11	22	9	24	39	0	33	10	33	12	36	106	76	23	28	5	11	0	0	0	20	0	9	6	2	5	0	26
"ASV_16S_378"	8	6	38	57	0	2	0	0	0	3	21	0	9	0	0	7	0	30	2	14	11	129	19	13	5	0	243	188	310	401	90	16	55	122	141	49	88	227	136	113	104	28	247	53	0	78	9	21	9	4	30	20	57	15	3	0	20	76	8	32	0	0	8	75	128	99	27	77	5	0	0	0	5	23	15	9	15	0	0	0	17
"ASV_16S_423"	0	0	0	0	0	0	0	0	0	0	0	0	0	0	0	0	0	0	0	0	0	0	0	0	0	0	12	10	4	0	0	0	0	0	0	0	0	0	328	350	0	29	225	0	0	0	0	0	0	0	0	0	20	0	0	0	0	0	0	0	0	0	0	0	0	0	0	0	0	0	0	0	0	0	0	0	0	0	0	0	0
"ASV_16S_450"	0	3	19	0	20	17	0	51	8	18	14	40	25	23	0	83	94	191	49	11	74	72	119	157	67	70	141	124	11	25	78	7	39	0	9	45	0	53	44	89	46	11	139	21	0	14	0	9	0	10	0	10	32	11	0	7	0	12	5	31	0	15	5	0	66	34	29	43	22	11	15	3	0	42	39	107	44	6	18	19	0
"ASV_16S_508"	2	15	13	0	26	9	12	47	2	46	30	82	0	21	10	24	35	54	72	27	90	7	33	51	56	59	26	14	65	44	4	18	0	22	18	14	7	12	15	19	7	9	29	0	0	0	0	10	0	0	3	0	0	0	0	2	3	13	0	4	96	63	2	96	23	38	0	34	75	542	42	22	0	239	66	407	190	135	61	82	16
"ASV_16S_606"	0	0	0	0	48	100	34	53	7	21	2	6	0	12	35	13	67	40	2	30	0	0	7	0	0	8	0	0	0	0	0	0	0	2	0	0	0	7	0	0	0	0	0	0	0	0	0	0	5	0	0	0	0	0	0	0	0	3	0	0	33	0	4	136	0	0	0	0	4	0	2	0	0	57	56	47	25	37	33	0	6
"ASV_16S_661"	0	0	3	3	48	0	8	0	0	8	0	3	0	0	0	61	191	0	9	0	78	6	0	0	19	3	0	0	0	0	13	0	4	62	18	3	5	8	0	5	0	0	0	0	0	6	0	0	0	0	0	0	0	0	0	0	0	0	0	0	132	14	0	4	0	0	0	0	0	456	24	0	0	3	0	0	0	18	4	0	6
"ASV_16S_756"	2	0	0	0	0	20	0	0	0	0	0	0	0	0	11	0	49	27	0	13	0	0	7	40	16	27	33	18	0	0	0	0	0	0	0	0	0	0	0	5	0	0	0	0	2	0	0	0	0	0	0	0	0	0	0	0	0	21	0	0	3	0	0	55	0	16	0	8	0	0	0	0	0	18	92	62	55	0	0	0	0
"ASV_16S_806"	0	8	14	21	0	0	0	0	0	0	4	5	0	0	0	0	0	0	0	0	0	14	0	0	0	0	0	0	0	7	0	0	0	0	0	6	17	56	0	24	0	10	23	11	0	7	0	0	0	0	6	0	20	0	0	3	0	8	0	3	0	15	4	6	14	28	8	8	0	0	0	0	0	0	0	0	0	0	7	0	6
"ASV_16S_812"	0	0	0	0	0	0	0	0	0	0	0	0	0	0	0	0	0	0	0	0	0	8	3	0	0	0	55	15	20	21	7	0	12	8	17	0	0	6	11	7	0	0	10	0	0	0	0	3	0	0	3	0	0	0	0	0	0	10	0	0	0	0	0	5	0	0	0	4	0	0	0	0	0	3	3	0	0	0	2	0	0
"ASV_16S_877"	0	0	20	0	0	0	3	0	0	0	3	0	0	15	0	2	0	0	0	0	0	0	0	0	0	0	0	4	3	10	0	0	0	101	72	0	5	2	2	0	42	5	8	5	0	6	0	5	10	17	32	0	0	0	8	0	0	2	0	13	9	20	16	6	0	0	0	0	0	9	0	0	0	0	0	0	0	0	2	0	4
"ASV_16S_908"	0	0	0	0	0	4	0	0	0	0	0	4	0	11	7	14	0	25	13	0	0	0	30	21	23	0	0	4	8	3	0	0	0	0	3	0	0	4	0	0	0	0	0	0	0	0	0	0	0	0	0	0	0	0	0	0	0	0	0	0	0	0	0	15	0	2	0	0	5	0	0	0	0	18	2	12	0	3	8	0	0
"ASV_16S_917"	2	13	0	0	0	0	2	0	0	0	0	0	0	0	0	8	0	0	2	0	0	0	0	2	0	0	0	0	0	0	0	5	0	22	16	0	10	21	2	0	17	0	0	6	0	11	0	10	9	12	13	0	0	0	0	2	6	15	0	0	0	2	12	4	2	6	0	2	4	4	0	0	0	3	0	0	0	0	6	0	4
"ASV_16S_945"	0	0	0	0	0	0	0	0	0	0	0	3	0	0	0	0	0	0	0	0	0	0	2	0	0	0	0	0	0	0	0	0	0	0	0	0	0	0	0	0	0	0	2	0	0	0	0	0	0	0	0	0	0	0	0	0	0	0	0	0	0	0	0	32	0	42	0	18	0	0	0	0	0	48	75	54	31	0	0	0	0
"ASV_16S_971"	0	0	0	0	0	0	0	11	0	9	0	4	0	2	0	9	40	21	8	0	6	0	40	38	0	0	0	0	0	3	0	0	0	5	0	0	6	4	0	0	0	0	0	0	0	0	0	0	0	0	0	0	0	0	0	0	0	3	0	0	0	0	0	0	3	0	0	0	0	0	0	2	0	22	17	21	0	0	0	4	0
"ASV_16S_1005"	0	0	0	0	0	2	0	0	0	0	0	0	0	0	2	0	0	0	0	0	11	0	0	0	0	0	0	0	0	0	11	0	0	0	0	31	0	0	0	0	0	0	0	14	11	0	0	15	16	11	0	0	0	0	6	5	10	17	4	0	0	0	17	0	0	0	4	0	0	0	0	0	0	0	0	0	0	0	10	8	3
"ASV_16S_1042"	0	0	0	0	0	0	2	0	0	0	0	0	0	0	0	0	0	0	0	0	0	0	0	0	0	0	0	0	0	0	0	0	0	0	0	0	0	0	0	0	0	0	0	2	0	0	0	0	0	0	0	0	0	0	0	0	0	0	0	0	52	15	0	9	0	0	0	11	0	28	14	0	0	0	0	13	0	0	0	0	0
"ASV_16S_1102"	0	0	54	12	0	0	0	0	0	0	7	10	7	0	0	0	0	0	3	0	0	17	0	0	0	0	7	14	0	0	0	0	0	0	0	0	4	0	0	0	12	0	0	0	2	0	0	4	0	3	0	0	0	0	0	0	0	18	0	17	0	48	2	0	0	0	0	0	5	3	0	0	0	0	0	0	0	0	0	0	0
"ASV_16S_1109"	0	0	0	0	0	2	0	0	0	0	0	4	10	26	0	2	0	4	23	0	3	11	0	15	0	6	0	0	0	0	9	0	7	3	2	0	0	0	0	0	0	0	0	0	0	0	0	0	0	0	0	0	0	0	2	0	0	0	0	0	0	3	0	0	3	4	0	0	0	14	2	0	0	2	0	8	0	0	2	0	0
"ASV_16S_1127"	0	0	0	0	0	0	0	0	0	0	0	2	0	0	0	2	0	0	0	0	0	0	0	0	0	0	0	0	0	0	21	0	11	40	46	0	0	0	0	0	0	0	0	0	0	0	0	0	0	0	0	0	0	0	0	0	0	0	0	0	0	0	0	0	0	0	0	0	0	0	0	0	0	2	0	0	0	0	0	0	0
"ASV_16S_1156"	0	0	0	0	0	2	0	9	12	3	0	0	0	0	2	0	5	0	0	7	0	0	0	0	0	5	8	0	6	10	2	6	0	11	14	0	8	23	0	0	4	0	0	0	0	18	0	2	0	0	0	0	0	0	0	0	0	0	0	0	10	0	0	11	0	0	0	0	0	0	0	0	0	9	4	0	0	0	6	0	0
"ASV_16S_1187"	0	0	2	15	0	0	7	0	0	0	0	0	0	0	0	0	0	0	4	0	0	5	0	0	0	0	26	18	0	0	0	0	6	0	0	2	0	2	24	13	0	0	0	0	0	0	0	0	0	0	0	4	0	0	2	0	0	11	0	0	2	0	0	0	0	13	0	3	0	0	0	0	0	0	0	3	0	0	0	2	0
"ASV_16S_1192"	0	0	0	0	0	0	0	4	10	2	0	5	0	6	0	8	0	3	0	0	5	0	0	5	3	8	3	0	0	18	0	0	0	22	7	0	17	18	0	0	0	0	0	4	0	45	0	2	0	2	2	2	0	0	0	0	0	2	0	0	9	0	0	20	0	0	0	0	4	2	0	0	0	3	0	0	0	0	0	0	0
"ASV_16S_1253"	0	4	0	2	0	0	8	0	0	0	0	192	0	106	0	8	0	2	0	0	9	2	0	3	3	13	8	0	6	2	0	0	0	0	0	0	0	0	0	0	0	0	0	0	0	0	0	3	0	0	0	0	0	0	0	0	0	0	0	7	4	10	0	3	0	0	0	0	8	11	15	0	0	0	9	0	7	7	0	0	0
"ASV_16S_1308"	0	0	0	0	0	0	3	0	0	3	0	0	0	0	6	4	14	7	0	8	8	0	17	5	0	7	17	3	3	0	8	0	0	2	0	8	3	0	0	0	0	0	0	0	0	0	0	0	0	0	0	0	0	0	0	0	0	2	0	0	0	0	0	68	0	8	0	0	0	0	0	0	0	26	74	13	8	0	0	0	0
"ASV_16S_1344"	0	0	0	0	0	0	0	0	0	0	0	0	0	0	0	0	0	0	0	0	0	0	0	0	0	0	0	0	0	0	0	0	0	0	0	0	0	0	0	0	0	0	0	0	0	0	0	0	0	0	0	0	0	0	0	0	0	0	0	0	0	0	0	25	0	9	0	0	0	0	0	0	0	0	21	0	0	0	0	0	0
"ASV_16S_1371"	0	0	6	0	0	0	3	0	0	0	0	11	0	15	0	0	0	0	19	0	0	0	0	0	0	6	0	0	0	0	0	0	0	0	0	0	0	0	0	0	0	0	0	0	0	0	0	0	0	0	0	0	0	0	0	0	0	0	0	0	2	0	0	0	2	3	0	0	0	0	9	0	0	0	0	0	0	0	0	0	0
"ASV_16S_1464"	0	0	0	0	0	0	0	0	0	0	0	0	0	0	0	0	0	0	0	0	0	0	0	0	0	0	0	6	7	0	0	0	0	0	0	0	0	3	0	0	0	0	0	0	0	0	0	0	0	0	0	0	0	0	0	0	0	0	0	0	0	0	0	18	3	0	0	9	0	0	0	0	0	0	0	0	0	0	0	0	0
"ASV_16S_1466"	0	0	0	0	0	0	0	0	0	0	0	0	0	0	0	0	0	0	0	0	0	0	0	0	0	0	0	0	0	0	0	0	0	0	0	0	0	3	0	0	0	0	0	0	0	0	0	0	0	0	0	0	0	0	0	0	0	0	0	0	0	0	0	18	0	0	0	6	0	0	0	0	0	0	4	10	7	0	0	0	0
"ASV_16S_1470"	0	0	0	0	0	0	0	0	0	0	0	0	0	0	0	0	0	0	0	0	0	0	0	0	0	0	0	0	0	0	0	0	0	5	0	0	0	2	0	0	0	0	0	0	0	0	0	0	0	0	0	0	0	0	0	0	0	0	0	0	0	0	0	15	0	0	0	21	0	0	0	0	0	20	0	0	7	0	0	0	0
"ASV_16S_1508"	6	0	4	0	0	0	12	0	0	0	4	0	22	0	0	0	0	0	6	0	0	0	0	0	0	0	10	10	0	0	0	0	0	3	0	0	0	0	7	5	31	0	0	0	0	0	0	2	0	0	0	0	0	0	0	0	0	5	0	8	0	4	0	0	7	0	0	2	0	0	0	0	0	0	0	0	0	0	0	0	0
"ASV_16S_1548"	0	0	0	0	0	0	0	0	0	2	0	0	0	0	0	12	0	0	2	0	0	0	8	15	7	0	3	0	0	0	0	0	0	0	5	0	9	11	0	0	0	0	0	0	0	13	0	0	0	0	0	0	0	0	0	0	0	2	0	0	7	0	0	5	0	0	0	0	0	0	3	0	0	0	0	0	0	0	0	0	0
"ASV_16S_1578"	0	0	0	0	0	0	0	0	0	0	0	0	0	0	0	0	0	4	0	0	0	0	0	0	0	0	40	14	0	0	0	0	0	0	0	0	0	0	0	4	0	0	0	0	0	0	0	0	0	0	0	0	0	0	0	0	0	10	0	0	0	2	3	2	0	0	4	0	0	0	0	0	0	0	0	0	0	0	0	0	0
"ASV_16S_1762"	0	0	9	0	0	0	0	0	0	0	22	0	2	0	0	2	0	0	3	0	7	8	0	0	0	0	0	0	0	0	0	4	0	0	0	0	0	13	0	0	5	0	0	0	3	0	0	0	13	3	32	0	0	0	0	0	3	4	3	0	7	0	0	0	0	7	2	2	0	0	0	0	0	3	0	0	0	0	0	0	0
"ASV_16S_1828"	0	0	0	0	0	0	0	0	0	0	0	0	0	0	0	0	7	0	0	0	0	0	0	0	0	0	9	0	13	0	0	0	0	0	0	0	0	0	0	3	0	0	0	0	0	0	0	0	0	0	0	0	0	0	0	0	0	0	0	0	0	0	0	6	0	0	0	3	0	0	0	0	0	0	0	0	3	0	0	0	0
"ASV_16S_1830"	0	0	3	3	0	0	0	0	0	0	0	0	0	0	0	0	0	0	0	0	0	10	0	2	0	0	0	6	0	0	0	7	0	0	0	0	0	0	0	0	0	0	12	0	0	0	0	0	0	0	0	0	0	0	0	0	0	4	0	0	3	0	0	0	4	0	0	0	0	0	0	0	0	0	0	0	0	0	0	0	0
"ASV_16S_1883"	0	0	0	0	0	0	0	0	0	0	0	0	0	8	0	0	0	0	0	0	0	0	0	0	0	0	0	2	0	3	2	0	0	2	2	0	0	5	0	0	0	0	2	0	0	0	0	0	0	0	0	0	2	0	0	0	0	3	0	0	8	0	0	0	0	0	0	0	2	17	2	0	0	0	0	0	0	0	0	0	0
"ASV_16S_1887"	0	0	0	0	0	0	0	0	0	0	0	0	0	0	0	0	0	0	0	0	0	0	0	0	0	0	0	0	2	6	0	0	0	0	0	0	0	4	0	0	0	0	0	0	0	0	0	0	0	0	0	0	0	0	0	0	0	0	0	0	0	0	0	33	0	0	0	7	0	0	0	0	0	4	4	0	0	2	0	0	0
"ASV_16S_1918"	0	0	0	0	0	0	0	0	0	0	0	0	0	0	0	0	0	0	0	0	0	2	0	0	0	0	0	5	0	0	0	0	0	0	0	0	0	0	0	6	0	0	2	0	0	0	0	4	0	0	0	0	0	0	0	0	0	0	0	0	0	16	0	0	0	0	0	0	0	0	0	0	0	0	0	0	0	0	0	0	0
"ASV_16S_1929"	3	0	0	0	0	0	0	0	0	0	0	0	0	0	0	0	0	0	0	0	0	0	0	0	0	0	0	0	0	0	0	5	0	0	0	0	0	0	0	0	16	0	0	0	0	0	0	0	0	0	0	0	7	0	0	0	0	2	0	0	0	0	0	0	0	0	2	0	0	4	0	0	3	0	0	0	0	0	0	0	0
"ASV_16S_1950"	0	0	0	0	0	0	0	0	0	0	2	0	0	0	0	0	0	0	0	0	0	0	0	0	0	0	6	0	0	0	0	0	0	0	13	0	0	0	0	0	0	0	0	0	0	0	0	0	0	0	0	0	0	0	0	0	0	0	0	0	0	0	0	0	0	0	0	0	0	0	0	0	0	0	0	0	0	0	0	0	0
"ASV_16S_2082"	0	0	0	0	0	0	0	0	0	0	0	0	0	0	0	0	0	2	13	0	0	5	0	0	0	5	8	0	0	0	0	3	0	0	0	0	0	0	6	3	15	0	0	0	0	0	0	0	0	0	0	0	3	0	0	0	0	0	0	0	0	0	3	2	0	0	0	0	0	10	0	0	0	0	0	0	0	0	0	0	0
"ASV_16S_2392"	0	0	0	0	0	0	0	0	0	0	0	0	0	0	0	0	4	0	0	0	0	0	0	0	2	0	0	0	3	0	0	0	0	0	0	5	0	0	0	0	0	0	0	0	0	0	0	0	0	0	0	0	0	0	0	0	0	0	0	0	0	0	0	2	0	0	0	0	0	0	0	0	0	0	0	0	3	0	0	0	0
"ASV_16S_2405"	0	0	0	0	0	0	0	0	0	0	0	0	0	0	0	0	0	0	0	0	0	0	0	0	0	0	12	0	0	0	0	0	0	0	0	0	0	0	0	0	0	0	0	0	0	0	0	0	0	0	0	0	0	0	0	0	0	0	0	0	0	0	0	0	0	0	0	0	0	0	0	0	0	0	0	0	0	0	0	0	0
"ASV_16S_2613"	0	0	0	0	0	0	0	0	0	0	0	0	0	0	0	0	0	3	0	0	0	0	0	0	0	10	0	0	0	0	0	0	0	0	0	0	0	0	0	0	0	0	0	0	0	0	0	0	0	0	0	0	0	0	0	0	0	0	0	0	0	0	0	0	0	0	0	0	0	0	0	0	0	0	0	0	0	0	0	0	0
"ASV_16S_2677"	0	0	0	0	0	0	0	0	0	0	0	0	0	0	0	0	0	0	0	2	0	0	0	0	0	0	0	0	0	6	0	0	0	2	0	0	0	0	0	0	0	0	0	0	0	0	0	0	0	0	0	0	0	0	0	0	0	0	0	0	3	0	0	24	0	0	0	0	0	2	0	0	0	0	4	0	0	0	0	0	0
"ASV_16S_3004"	0	0	0	0	0	0	0	0	0	0	0	0	0	0	0	0	0	0	0	0	0	0	0	0	0	0	0	0	0	0	0	0	3	0	0	0	0	0	0	0	0	0	0	0	0	0	0	0	0	0	0	0	0	0	0	0	0	0	2	3	0	0	0	0	0	0	0	8	0	3	0	0	0	2	0	0	0	0	0	0	0
"ASV_16S_3038"	0	0	0	0	0	0	4	2	0	0	0	0	0	0	0	2	0	0	0	0	0	0	2	0	0	0	0	3	0	0	0	0	0	0	0	0	0	0	0	0	0	0	0	0	0	0	0	0	4	3	0	0	0	0	0	0	0	2	0	0	0	0	0	0	0	0	0	0	0	0	0	0	0	0	0	0	0	0	0	0	0
"ASV_16S_3071"	0	0	0	0	0	0	2	0	0	0	0	0	0	0	0	0	4	6	0	0	0	0	0	0	0	0	6	0	0	0	0	0	0	0	0	0	0	0	0	0	0	0	0	0	0	0	0	0	0	0	0	0	0	0	0	0	0	0	0	0	0	0	0	0	0	0	0	0	0	0	0	0	0	0	2	0	3	0	0	0	0
"ASV_16S_3076"	0	0	0	0	0	0	0	0	0	0	0	0	0	0	0	0	0	7	0	0	0	0	0	0	0	0	5	3	0	0	0	0	0	0	0	0	0	0	0	0	0	0	0	0	0	2	0	0	0	0	0	0	0	0	0	0	0	0	0	2	0	3	0	3	2	0	0	0	0	0	0	0	0	0	3	2	0	0	4	0	0
"ASV_16S_3123"	0	0	0	0	0	0	0	0	0	0	0	0	0	0	0	0	0	0	0	0	0	0	0	0	0	0	0	3	0	0	0	0	0	0	0	6	0	0	3	0	0	0	0	0	0	0	0	0	0	0	0	0	0	0	0	0	0	0	0	0	0	0	0	0	4	0	0	0	0	0	0	0	0	0	0	0	0	0	0	0	0
"ASV_16S_3308"	0	0	0	0	0	0	0	0	0	0	0	0	0	6	0	0	0	0	0	0	0	0	0	0	0	0	0	0	0	0	0	0	0	0	0	0	2	0	0	0	0	0	0	0	0	0	0	0	0	0	0	0	0	0	0	0	0	0	0	0	0	0	0	0	0	0	0	0	0	0	0	0	0	0	0	0	0	0	0	0	0
"ASV_16S_3386"	0	0	0	0	0	0	0	0	0	0	0	0	0	0	0	0	0	0	0	0	0	0	0	0	0	0	2	0	0	0	0	0	0	6	0	0	0	4	0	0	0	0	0	0	0	0	0	0	2	0	0	0	0	0	0	0	0	0	0	0	2	0	0	0	0	0	0	0	0	0	3	0	0	0	0	0	0	0	0	0	0
"ASV_16S_3398"	0	0	0	0	0	0	0	0	0	0	0	0	0	0	0	0	0	0	0	0	0	0	0	0	0	0	0	0	0	0	0	0	0	0	2	0	0	6	0	0	0	0	0	0	0	0	0	0	0	0	0	0	2	0	0	0	0	0	0	0	0	0	0	0	0	0	0	0	0	0	0	0	0	0	0	0	5	0	0	0	0
"ASV_16S_3482"	0	0	0	0	0	0	0	0	0	0	0	0	0	0	0	0	0	0	0	0	0	0	0	0	0	0	0	0	0	0	0	0	0	0	0	0	0	0	0	0	0	0	0	0	0	0	0	0	0	0	0	0	0	0	0	0	0	0	0	0	0	0	0	6	0	0	0	0	0	0	0	0	0	0	0	0	0	0	0	0	0
"ASV_16S_3953"	0	0	0	0	0	0	0	0	0	0	0	0	0	0	0	0	0	0	0	0	0	0	0	0	0	0	0	0	0	0	0	0	0	0	0	0	0	0	0	0	0	0	0	0	0	0	0	0	0	0	0	0	0	0	0	0	0	0	0	0	0	0	0	0	0	0	0	0	0	0	0	0	0	0	5	0	0	0	0	0	0
"ASV_16S_3965"	0	0	0	0	2	0	0	0	0	5	0	0	0	0	0	7	0	0	0	0	0	0	0	0	0	0	0	0	0	0	0	0	0	0	0	0	0	0	0	0	3	0	0	0	0	0	0	0	0	0	0	0	0	0	0	0	0	0	0	0	12	0	0	0	0	0	0	0	3	6	0	0	0	0	0	5	0	0	2	0	0
"ASV_16S_4891"	0	0	0	0	0	0	0	0	0	0	0	0	0	0	0	0	0	0	0	0	0	0	0	0	0	0	3	0	0	0	0	0	0	0	0	0	0	0	0	0	0	0	0	0	0	0	0	0	0	0	0	0	0	0	0	0	0	0	0	0	0	0	0	0	0	0	0	0	0	0	0	0	0	0	0	0	0	0	0	0	0
"ASV_16S_4953"	0	0	0	0	0	0	0	0	0	0	0	0	0	0	0	0	0	2	0	0	0	0	0	0	0	0	0	0	3	0	0	0	0	0	0	2	0	0	0	0	0	0	0	0	0	0	0	0	0	0	0	0	0	0	0	0	0	0	0	0	0	0	0	0	0	0	0	0	0	0	0	0	0	0	0	0	0	0	0	0	0
"ASV_16S_4999"	0	0	0	0	0	0	0	0	0	0	0	0	0	0	0	0	0	0	0	0	0	0	0	0	0	0	0	0	0	0	0	0	3	0	0	0	0	0	0	0	0	0	0	0	0	0	0	0	0	0	0	0	0	0	0	0	0	0	0	0	0	0	0	0	0	0	0	0	0	0	0	0	0	0	0	0	0	0	0	0	0
"ASV_16S_5244"	0	0	0	0	0	0	0	0	0	0	0	0	0	0	0	0	0	0	2	0	0	0	0	0	0	0	0	0	0	0	0	0	0	0	0	0	0	0	0	0	0	0	0	0	0	0	0	0	0	0	0	0	0	0	0	0	0	3	0	0	2	0	0	0	0	0	0	0	0	2	0	0	0	0	0	0	0	0	0	0	0
"ASV_16S_5568"	0	0	2	0	0	0	0	0	0	0	0	0	0	0	0	0	0	0	0	0	0	0	0	0	0	0	0	0	0	0	0	0	0	0	0	0	0	0	0	0	0	0	0	0	0	0	0	0	0	0	0	0	0	0	0	0	0	0	0	0	0	0	0	0	0	0	0	0	0	0	0	0	0	0	0	0	0	0	0	0	0
"ASV_16S_5586"	0	0	0	2	0	0	0	0	0	0	0	0	0	0	0	0	0	0	0	0	0	0	2	0	0	0	0	0	0	0	0	0	0	0	0	0	0	0	0	0	0	0	0	0	0	0	0	0	0	0	0	0	0	0	0	0	0	0	0	0	0	0	0	0	0	0	0	0	0	0	0	0	0	0	0	0	0	0	0	0	0
"ASV_16S_5763"	0	0	0	0	0	0	0	0	0	0	2	0	0	0	0	0	0	0	0	0	0	0	0	0	0	0	0	0	0	0	0	0	0	0	0	0	0	0	0	0	0	0	0	0	0	0	0	0	0	0	0	0	0	0	0	0	0	0	0	0	0	0	0	0	0	0	0	0	0	0	0	0	0	0	0	0	0	2	0	0	0
"ASV_16S_6202"	0	0	0	0	0	0	0	0	0	0	0	0	0	0	0	0	0	0	0	0	0	0	0	0	0	0	0	0	2	0	0	0	0	0	0	0	0	0	0	0	0	0	0	0	0	0	0	0	0	0	0	0	0	0	0	0	0	0	0	0	0	0	0	0	0	0	0	0	0	0	0	0	0	0	0	0	0	0	0	0	0
"ASV_16S_6328"	0	0	0	0	0	0	0	0	0	0	0	0	0	0	0	0	0	0	0	0	0	0	0	0	0	0	0	0	0	0	0	0	0	0	2	0	0	0	0	0	0	0	0	0	0	0	0	0	0	0	0	0	0	0	0	0	0	0	0	0	0	0	0	0	0	0	0	0	0	0	0	0	0	0	0	0	0	0	0	0	0
"ASV_16S_6450"	0	0	0	0	0	0	0	0	0	0	0	0	0	0	0	0	0	0	0	0	0	0	0	0	0	0	0	0	0	0	0	0	0	0	0	0	0	0	0	0	2	0	0	0	0	0	0	0	0	0	0	0	0	0	0	0	0	0	0	0	0	0	0	0	0	0	0	0	0	0	0	0	0	0	0	0	0	0	0	0	0
"ASV_16S_6690"	0	0	0	0	0	0	0	0	0	0	0	0	0	0	0	0	0	0	0	0	0	0	0	0	0	0	0	0	0	0	0	0	0	0	0	0	0	0	0	0	0	0	0	0	0	0	0	0	0	0	0	0	0	0	0	0	0	2	0	0	0	0	0	0	0	0	0	0	0	0	0	0	0	0	0	0	0	0	0	0	0
"ASV_16S_6830"	0	0	0	0	0	0	0	0	0	0	0	0	0	0	0	0	0	0	0	0	0	0	0	0	0	0	0	0	0	0	0	0	0	0	0	0	0	0	0	0	0	0	0	0	0	0	0	0	0	0	0	0	0	0	0	0	0	0	0	0	0	0	0	0	2	0	0	0	0	2	0	0	0	0	0	0	0	0	0	0	0
"ASV_16S_6837"	0	0	0	0	0	0	0	0	0	0	0	0	0	0	0	0	0	0	0	0	0	0	0	0	0	0	0	0	0	0	0	0	0	0	0	0	0	0	0	0	0	0	0	0	0	0	0	0	0	0	0	0	0	0	0	0	0	0	0	0	0	0	0	0	2	0	0	0	0	0	0	0	0	0	0	0	0	0	0	0	0
"ASV_16S_6879"	0	0	0	0	0	0	0	0	0	0	0	0	0	0	0	0	0	0	0	0	0	0	0	0	0	0	0	0	0	0	0	0	0	0	0	0	0	0	0	0	0	0	0	0	0	0	0	0	0	0	0	0	0	0	0	0	0	0	0	0	0	0	0	0	0	0	2	0	0	0	0	0	0	0	0	0	0	0	0	0	0
"ASV_16S_6913"	0	0	0	0	0	0	0	0	0	0	0	0	0	0	0	0	0	0	0	0	0	0	0	0	0	0	0	0	0	0	0	0	0	0	0	0	0	0	0	0	0	0	0	0	0	0	0	0	0	0	0	0	0	0	0	0	0	0	0	0	0	0	0	0	0	0	0	0	2	0	0	0	0	0	0	0	0	0	0	0	0
"ASV_16S_7071"	0	0	0	0	0	0	0	0	0	0	0	0	0	0	0	0	0	0	0	0	0	0	0	0	0	0	0	0	0	0	0	0	0	0	0	0	0	0	0	0	0	0	0	0	0	0	0	0	0	0	0	0	0	0	0	0	0	0	0	0	0	0	0	0	0	0	0	0	0	0	0	0	0	0	0	0	2	0	0	0	0
